28945 38247 9944 9947 10856 8086 28474 23486 26367 19088
32673 3763 12424 38163 35989 5764 24990 3741 26248 21661
30509 30506 33237 15562 7322 7699 28211 17007 23450 5904
42215 22745 32026 43165 43043 24062 8513 42223 32316 43482
32857 32852 32823 32836 32821 32807 41617 32848 40519 32841
25568 17633 29188 29923 14816 10712 43551 38767 31521 30378
5297 29937 38123 122 4665 21293 23598 25577 8237
20235 4576 7676 20234 7678 17821 12056 32149 19086 7677
22493 26583 44037 33129 1245 23345 4495 23699 4031 40840
31405 29893 23638

22772 33159 32416 23085 24200 30585 23566 1070 31844 7325
32929 27132 20304 36135 1249 5009 7669 5111 19948 17444
5042 5044 37074 10210 5051 23711 5050 41710 35491 26601
23434 13815 17594 40890 38573 15753 14243 14452 29020 14457
18846 22296 35374 10997 7611 36409 28861 31405 28876 29893
36591 32705 31878 22495
13766 40218 7467 27754
23613 14065 21276 27481 98 14040 25008 5741 23610 37909
12726 39097 22796 12729 12730 41188 11308 17610 37474 1070
