38484 38486 38488 43909 8312 39967 16336 38487 5077 8311
8843 26823 5301 9739 5206 25512 27581 5299 25513 9236
37985 12314 23685 9305 37986 37965 11157 23428 5182 7859
23301 23302 4062 40297 12839 1263 1245 28945 35820 26583
36347 39974 22597 42125 14947 39743 4358 39628 22598 332
27062 35473 23558 23626 4000 31405 32345 23007 8222 13664
1410 28514 18387 37972 41207 39507 29764 39533 39045 37160
24776 24781 24779 17662 5757 24774 24785 24780 24782 24775
17376 37706 37704 37705 37707 37703 37701 12772 25548 37708
33675 2181 29321 22671 13272 32658 17642 39398 22673 24336
43051 17848 23542 25893 25914 43113 580 43138 43100 43034
26111 23302 23301 2189 12501 2188 16830 2207 4062 40297
22508 39616 1606 2994 15390 35719 4017 22625 39620 27466
5843 20147 25966 43208 41923 19273 27950 12155 5844 5435
8788 27178 8115 10673 4579 15589 42588 40610 31995 4492
23269 23279 14627 33488 10871 41244 23270 23171 24513 41263
40670 42148 6900 36796 7322 39810 32142 15552 39811 11703
23619 23571 23618 15804 23634 28214 17855 32145 15723 23277
13049 36951 36958 20080 7672 36953 36956 29170 36244 36931
3422 2706 31310 32022 26317 35040 19831 8596 40342 26037
25690 9631 15068 25688 25986 18437 25724 36338 25709 25760
30765 14395 14283 23721 3838 17813 14149 41654 41236 41652
6873 6887 19887 6886 6889 6883 6890 23335 6892 26291
4016 7517 7515 4017 25862 7519 43462 609 42183 10775
25038 25041 38147 9112 18721 30605 39906 25497 39907 39950
20676 23897 18927 23904 17012 14199 42072 31898 35368 35362
21006 12765 20973 24411 20925 20997 42242 20943 20980 17267
17099 23466 17092 17082 17083 17084 17089 17095 21165 20767
29833 6218 11189 6219 6221 6220 17213 6754 6222 23295
24951 24954 24950 4124 12526 92 12077 37607 42955 24955
