25743 31892 9270 25113 12713 14972 4414 19924 33129 38247
200 996 20480 20458
36788 6243 5739 6242 36336 36041 14249 7610 26575 43532
25057 25059 25063 25062 25058 25061 34651 25060 18514 33800
21524 41153 8605 26583 16851 4681 36798 24352 6915 23118

16779 9262 16797 16800 16802 16794 4380 16732 30224 36477
25371 20177 25593 43723 25376 39914 10072 25380 25372 26987
21994 7728 3734 17078 3274 3436 42866 30899 10514 9228
10484 1059 24030 29353 38022 9367 42471 26244 41846 11432
27207 33058 33062 33 33060 43397 29096 33059 6445 27231
43797 43796 10037 24722 13411 24148 36005 7516 23567 19141
11171 14874 14868 14872 14869 14871 33916 14873 14870 24530
5042 5044 5049 37074 5047 10210 5051 5048 41710 5050
1549 1548 27900 1550 7391 42567 20321 1556 34882 16343
1070 1069 1071 31683 1724 32358 9482 3214 24646 29552
31378 31377 22461 1853 15185 19144 29704 10419 41920 15968
13317 43991 42540 4778 22820 40084 40906 15272 34853 34201
46 16911 41657 39489 38696 22325 41963 42125 25969 21185
10076 28534 39447 23598 42769
24854 33913 12436 1247 40953 33159 26440 17858 24987 14401
18987 6839 29673 2466 27447
32960 43051 34206 28122 21548 34444 12598 2385 19375 39193
3469 3473 5050 8882 11373 3471 4798 33929 3474 4563
31437 29524 8581 25054 23116
