23468 18130 16767
13507 28968 16427
33502 33504 23384 274 40886 3130 40869 4007 4003 22741

11938 40958 27988 25401 25387 37026 23498 33125
34288 23161 27642 38297 24164 31182 22257 23760 21679 22886
10 30967 38786 18203 27231 11 28522 9455 33568
3760 33526 10085 11524 501 2391 33630 26171 8846 37416
12632 12636 43343 33301 22566 3909 3601 5092 35461 364
24989 32253 34161 38329 25637 40876 21455 14299 4028 26962
33526 833 17833 37809 19628 18544 2395 501 6692 18502
17148 18378 23431 23420 36399 41627 36177 34387 19206 2475
14782 22372
33478 33486 33480 33479 39147 11501 29860 38447 25381 30091
3699 25520 21628 20674 17688 26626 25385 16744 16743 38474
26006 14884 8405 30090 39450 40498 15736 17430 22740 30092
43728 34497 33064 13569 31815 34057 31044 2476 17470
11267 23484 11192 23568 6222
19109 8706 39396 27827 33229 37428 31498
41848 16471 34352 34314 28521 41956 29480 2985 12577 14336

38314 42651 41263 41228 298 41258 41251 41256 406 9728
17569 13703 17568 30977 39561 20505 14170 32106 42135 42139
687 1660 685 3780

